original data:
25.1406111419	24.185464184	61.1245967436	63.8993794549
51.0045807453	47.0068221355	86.0559055528	87.5663222319
11.5545542103	35.0533511847	45.8990989875	75.3542553303
50.1561281751	50.7531874564	81.7435486383	83.4166188534
4.57342249606	53.7043720752	40.5022478186	93.0819651554
36.9358929086	32.8272614165	71.7325848955	72.2154011033
28.0558999713	5.86373123266	62.5930830021	46.6759941825
56.1505841397	20.5169336055	91.8961209784	61.8049663479
19.3857832365	31.4485932885	55.2778320317	71.1345370593
27.0364431546	-0.349626971599	60.9400935247	39.5996322707
18.1136344514	29.4059710874	52.2640685232	56.942429807
41.9582424646	37.0283591131	76.8780613559	76.3106817534
13.0472845044	32.8276600241	48.9223119627	72.7417149392
58.1837362742	34.4383468481	92.184615452	74.571784256
34.5728269161	9.97858386615	68.6559200202	50.3947105576
20.8336578977	11.0405746883	55.4838398044	50.8282950145
13.6211393042	53.838022725	49.2148676821	47.4639815197
57.9024135417	58.0348454833	92.6251165048	98.6086827179
56.5027686572	57.3124017097	90.1191400181	96.9067149198
1.14282608304	33.3102288911	35.3339750614	72.7116917263
estimated homography:
[[3.33941696e-02 7.00227453e-03 7.12902728e-01]
 [4.50329517e-03 3.96736868e-02 6.98874971e-01]
 [5.13156387e-05 1.08449316e-04 2.41863161e-02]]
inliers:
25.1406111419	61.1245967436	24.185464184	63.8993794549
51.0045807453	86.0559055528	47.0068221355	87.5663222319
11.5545542103	45.8990989875	35.0533511847	75.3542553303
4.57342249606	40.5022478186	53.7043720752	93.0819651554
36.9358929086	71.7325848955	32.8272614165	72.2154011033
28.0558999713	62.5930830021	5.86373123266	46.6759941825
56.1505841397	91.8961209784	20.5169336055	61.8049663479
19.3857832365	55.2778320317	31.4485932885	71.1345370593
27.0364431546	60.9400935247	-0.349626971599	39.5996322707
41.9582424646	76.8780613559	37.0283591131	76.3106817534
13.0472845044	48.9223119627	32.8276600241	72.7417149392
58.1837362742	92.184615452	34.4383468481	74.571784256
34.5728269161	68.6559200202	9.97858386615	50.3947105576
20.8336578977	55.4838398044	11.0405746883	50.8282950145
57.9024135417	92.6251165048	58.0348454833	98.6086827179
56.5027686572	90.1191400181	57.3124017097	96.9067149198
1.14282608304	35.3339750614	33.3102288911	72.7116917263
